20 10 5 2 1 0 0 0 0 0 1 2 5 10 20
20 10 5 2 1 0 0 0 0 0 1 2 5 10 20
20 10 5 2 1 0 0 0 0 0 1 2 5 10 20
20 10 5 2 1 0 0 0 0 0 1 2 5 10 20
20 10 5 2 1 0 0 0 0 0 1 2 5 10 20
20 10 5 2 1 0 0 0 0 0 1 2 5 10 20
20 10 5 2 1 0 0 0 0 0 1 2 5 10 20
20 10 5 2 1 0 0 0 0 0 1 2 5 10 20
20 10 5 2 1 0 0 0 0 0 1 2 5 10 20
20 10 5 2 1 0 0 0 0 0 1 2 5 10 20
20 10 5 2 1 0 0 0 0 0 1 2 5 10 20
20 10 5 2 1 0 0 0 0 0 1 2 5 10 20
20 10 5 2 1 0 0 0 0 0 1 2 5 10 20
20 10 5 2 1 0 0 0 0 0 1 2 5 10 20
20 10 5 2 1 0 0 0 0 0 1 2 5 10 20
20 10 5 2 1 0 0 0 0 0 1 2 5 10 20
20 10 5 2 1 0 0 0 0 0 1 2 5 10 20
20 10 5 2 1 0 0 0 0 0 1 2 5 10 20
20 10 5 2 1 0 0 0 0 0 1 2 5 10 20
20 10 5 2 1 0 0 0 0 0 1 2 5 10 20
20 10 5 2 1 0 0 0 0 0 1 2 5 10 20
20 10 5 2 1 0 0 0 0 0 1 2 5 10 20
20 10 5 2 1 0 0 0 0 0 1 2 5 10 20
20 10 5 2 1 0 0 0 0 0 1 2 5 10 20
20 10 5 2 1 0 0 0 0 0 1 2 5 10 20
